(kicad_pcb (version 20171130) (host pcbnew 5.1.9)

  (general
    (thickness 1.6)
    (drawings 4)
    (tracks 0)
    (zones 0)
    (modules 24)
    (nets 2)
  )

  (page A4)
  (layers
    (0 F.Cu signal)
    (31 B.Cu signal)
    (32 B.Adhes user)
    (33 F.Adhes user)
    (34 B.Paste user)
    (35 F.Paste user)
    (36 B.SilkS user)
    (37 F.SilkS user)
    (38 B.Mask user)
    (39 F.Mask user)
    (40 Dwgs.User user)
    (41 Cmts.User user)
    (42 Eco1.User user)
    (43 Eco2.User user)
    (44 Edge.Cuts user)
    (45 Margin user)
    (46 B.CrtYd user)
    (47 F.CrtYd user)
    (48 B.Fab user)
    (49 F.Fab user)
  )

  (setup
    (last_trace_width 0.25)
    (trace_clearance 0.2)
    (zone_clearance 0.508)
    (zone_45_only no)
    (trace_min 0.2)
    (via_size 0.8)
    (via_drill 0.4)
    (via_min_size 0.4)
    (via_min_drill 0.3)
    (uvia_size 0.3)
    (uvia_drill 0.1)
    (uvias_allowed no)
    (uvia_min_size 0.2)
    (uvia_min_drill 0.1)
    (edge_width 0.05)
    (segment_width 0.2)
    (pcb_text_width 0.3)
    (pcb_text_size 1.5 1.5)
    (mod_edge_width 0.12)
    (mod_text_size 1 1)
    (mod_text_width 0.15)
    (pad_size 1.524 1.524)
    (pad_drill 0.762)
    (pad_to_mask_clearance 0)
    (aux_axis_origin 0 0)
    (visible_elements FFFFFF7F)
    (pcbplotparams
      (layerselection 0x010fc_ffffffff)
      (usegerberextensions false)
      (usegerberattributes true)
      (usegerberadvancedattributes true)
      (creategerberjobfile true)
      (excludeedgelayer true)
      (linewidth 0.100000)
      (plotframeref false)
      (viasonmask false)
      (mode 1)
      (useauxorigin false)
      (hpglpennumber 1)
      (hpglpenspeed 20)
      (hpglpendiameter 15.000000)
      (psnegative false)
      (psa4output false)
      (plotreference true)
      (plotvalue true)
      (plotinvisibletext false)
      (padsonsilk false)
      (subtractmaskfromsilk false)
      (outputformat 1)
      (mirror false)
      (drillshape 1)
      (scaleselection 1)
      (outputdirectory ""))
  )

  (net 0 "")
  (net 1 GND)

  (net_class Default "This is the default net class."
    (clearance 0.2)
    (trace_width 0.25)
    (via_dia 0.8)
    (via_drill 0.4)
    (uvia_dia 0.3)
    (uvia_drill 0.1)
    (add_net CH1)
    (add_net CH2)
    (add_net CH3)
    (add_net CH4)
    (add_net GND)
    (add_net MAIN)
    (add_net "Net-(D1-Pad1)")
    (add_net "Net-(D1-Pad10)")
    (add_net "Net-(D1-Pad11)")
    (add_net "Net-(D1-Pad12)")
    (add_net "Net-(D1-Pad13)")
    (add_net "Net-(D1-Pad14)")
    (add_net "Net-(D1-Pad15)")
    (add_net "Net-(D1-Pad16)")
    (add_net "Net-(D1-Pad17)")
    (add_net "Net-(D1-Pad18)")
    (add_net "Net-(D1-Pad19)")
    (add_net "Net-(D1-Pad2)")
    (add_net "Net-(D1-Pad20)")
    (add_net "Net-(D1-Pad21)")
    (add_net "Net-(D1-Pad22)")
    (add_net "Net-(D1-Pad23)")
    (add_net "Net-(D1-Pad24)")
    (add_net "Net-(D1-Pad25)")
    (add_net "Net-(D1-Pad26)")
    (add_net "Net-(D1-Pad27)")
    (add_net "Net-(D1-Pad28)")
    (add_net "Net-(D1-Pad29)")
    (add_net "Net-(D1-Pad3)")
    (add_net "Net-(D1-Pad30)")
    (add_net "Net-(D1-Pad31)")
    (add_net "Net-(D1-Pad32)")
    (add_net "Net-(D1-Pad33)")
    (add_net "Net-(D1-Pad34)")
    (add_net "Net-(D1-Pad35)")
    (add_net "Net-(D1-Pad36)")
    (add_net "Net-(D1-Pad37)")
    (add_net "Net-(D1-Pad38)")
    (add_net "Net-(D1-Pad39)")
    (add_net "Net-(D1-Pad4)")
    (add_net "Net-(D1-Pad40)")
    (add_net "Net-(D1-Pad5)")
    (add_net "Net-(D1-Pad6)")
    (add_net "Net-(D1-Pad7)")
    (add_net "Net-(D1-Pad8)")
    (add_net "Net-(D1-Pad9)")
    (add_net "Net-(D2-Pad1)")
    (add_net "Net-(D2-Pad2)")
    (add_net "Net-(D3-Pad1)")
    (add_net "Net-(D3-Pad2)")
    (add_net "Net-(D4-Pad1)")
    (add_net "Net-(D4-Pad2)")
    (add_net "Net-(D5-Pad1)")
    (add_net "Net-(D5-Pad2)")
    (add_net "Net-(D6-Pad1)")
    (add_net "Net-(D6-Pad2)")
    (add_net "Net-(D7-Pad1)")
    (add_net "Net-(D7-Pad2)")
    (add_net "Net-(D8-Pad1)")
    (add_net "Net-(D8-Pad2)")
    (add_net "Net-(D9-Pad1)")
    (add_net "Net-(D9-Pad2)")
    (add_net "Net-(DISP1-Pad1)")
    (add_net "Net-(DISP1-Pad2)")
    (add_net "Net-(DISP1-Pad3)")
    (add_net "Net-(DISP1-Pad4)")
    (add_net "Net-(DISP1-Pad5)")
    (add_net "Net-(DISP1-Pad6)")
    (add_net "Net-(DISP1-Pad7)")
    (add_net "Net-(DISP1-Pad8)")
    (add_net "Net-(MUTE_CH1-Pad1)")
    (add_net "Net-(MUTE_CH1-Pad2)")
    (add_net "Net-(MUTE_CH1-Pad3)")
    (add_net "Net-(MUTE_CH1-Pad4)")
    (add_net "Net-(MUTE_CH2-Pad1)")
    (add_net "Net-(MUTE_CH2-Pad2)")
    (add_net "Net-(MUTE_CH2-Pad3)")
    (add_net "Net-(MUTE_CH2-Pad4)")
    (add_net "Net-(MUTE_CH3-Pad1)")
    (add_net "Net-(MUTE_CH3-Pad2)")
    (add_net "Net-(MUTE_CH3-Pad3)")
    (add_net "Net-(MUTE_CH3-Pad4)")
    (add_net "Net-(MUTE_CH4-Pad1)")
    (add_net "Net-(MUTE_CH4-Pad2)")
    (add_net "Net-(MUTE_CH4-Pad3)")
    (add_net "Net-(MUTE_CH4-Pad4)")
    (add_net "Net-(MUTE_MAIN1-Pad1)")
    (add_net "Net-(MUTE_MAIN1-Pad2)")
    (add_net "Net-(MUTE_MAIN1-Pad3)")
    (add_net "Net-(MUTE_MAIN1-Pad4)")
    (add_net "Net-(VOL_CH1-Pad1)")
    (add_net "Net-(VOL_CH1-Pad4)")
    (add_net "Net-(VOL_CH1-Pad5)")
    (add_net "Net-(VOL_CH1-Pad6)")
    (add_net "Net-(VOL_CH2-Pad1)")
    (add_net "Net-(VOL_CH2-Pad4)")
    (add_net "Net-(VOL_CH2-Pad5)")
    (add_net "Net-(VOL_CH2-Pad6)")
    (add_net "Net-(VOL_CH3-Pad1)")
    (add_net "Net-(VOL_CH3-Pad4)")
    (add_net "Net-(VOL_CH3-Pad5)")
    (add_net "Net-(VOL_CH3-Pad6)")
    (add_net "Net-(VOL_CH4-Pad1)")
    (add_net "Net-(VOL_CH4-Pad4)")
    (add_net "Net-(VOL_CH4-Pad5)")
    (add_net "Net-(VOL_CH4-Pad6)")
    (add_net "Net-(VOL_MAIN1-Pad1)")
    (add_net "Net-(VOL_MAIN1-Pad4)")
    (add_net "Net-(VOL_MAIN1-Pad5)")
    (add_net "Net-(VOL_MAIN1-Pad6)")
  )

  (module Pavu-Mixer-Prototype:Waveshare_LCD_240X240 (layer F.Cu) (tedit 6060E74D) (tstamp 6061F6C8)
    (at 85 32.5 270)
    (path /60681BDD)
    (fp_text reference DISP1 (at 7.5 0 180) (layer F.SilkS)
      (effects (font (size 1 1) (thickness 0.15)))
    )
    (fp_text value Waveshare_LCD_240X240 (at 30 0.1 180) (layer F.Fab)
      (effects (font (size 1 1) (thickness 0.15)))
    )
    (fp_line (start 13.2 -11.7) (end 36.6 -11.7) (layer F.SilkS) (width 0.12))
    (fp_line (start 13.2 -11.7) (end 13.2 11.7) (layer F.SilkS) (width 0.12))
    (fp_line (start 13.2 11.7) (end 36.6 11.7) (layer F.Fab) (width 0.1))
    (fp_line (start 36.6 -11.7) (end 36.6 11.7) (layer F.Fab) (width 0.1))
    (fp_line (start 13.2 11.7) (end 36.6 11.7) (layer F.SilkS) (width 0.12))
    (fp_line (start 13.2 -11.7) (end 36.6 -11.7) (layer F.Fab) (width 0.1))
    (fp_line (start 36.6 -11.7) (end 36.6 11.7) (layer F.SilkS) (width 0.12))
    (fp_line (start 13.2 -11.7) (end 13.2 11.7) (layer F.Fab) (width 0.1))
    (fp_line (start -2.61 -10.5) (end -2.61 10.5) (layer F.SilkS) (width 0.12))
    (fp_line (start -1.27 -9.525) (end -1.27 10.16) (layer F.Fab) (width 0.1))
    (fp_line (start -1.33 -7.62) (end 1.33 -7.62) (layer F.SilkS) (width 0.12))
    (fp_line (start 1.27 -10.16) (end -0.635 -10.16) (layer F.Fab) (width 0.1))
    (fp_line (start 1.33 -7.62) (end 1.33 10) (layer F.SilkS) (width 0.12))
    (fp_line (start 1.27 10.16) (end -1.27 10.16) (layer F.Fab) (width 0.1))
    (fp_line (start 1.27 10.16) (end 1.27 -10.16) (layer F.Fab) (width 0.1))
    (fp_line (start -1.33 -10) (end -1.33 -8.89) (layer F.SilkS) (width 0.12))
    (fp_line (start -1.33 -7.62) (end -1.33 10) (layer F.SilkS) (width 0.12))
    (fp_line (start -0.635 -10.16) (end -1.27 -9.525) (layer F.Fab) (width 0.1))
    (fp_line (start -2.5 -13) (end -2.5 13) (layer F.Fab) (width 0.1))
    (fp_line (start 0 -15.5) (end 40 -15.5) (layer F.Fab) (width 0.1))
    (fp_line (start 42.5 -13) (end 42.5 13) (layer F.Fab) (width 0.1))
    (fp_line (start 40 15.5) (end 0 15.5) (layer F.Fab) (width 0.1))
    (fp_line (start -2.75 -15.75) (end 42.75 -15.75) (layer F.CrtYd) (width 0.05))
    (fp_line (start 42.75 -15.75) (end 42.75 15.75) (layer F.CrtYd) (width 0.05))
    (fp_line (start 42.75 15.75) (end -2.75 15.75) (layer F.CrtYd) (width 0.05))
    (fp_line (start -2.75 15.75) (end -2.75 -15.75) (layer F.CrtYd) (width 0.05))
    (fp_line (start 2.5 -15.61) (end 37.5 -15.61) (layer F.SilkS) (width 0.12))
    (fp_line (start 2.5 15.61) (end 37.5 15.61) (layer F.SilkS) (width 0.12))
    (fp_line (start 42.61 -10.5) (end 42.61 10.5) (layer F.SilkS) (width 0.12))
    (fp_circle (center 40 -13) (end 42.7 -13) (layer Cmts.User) (width 0.15))
    (fp_circle (center 40 13) (end 42.7 13) (layer Cmts.User) (width 0.15))
    (fp_circle (center 0 13) (end 2.7 13) (layer Cmts.User) (width 0.15))
    (fp_circle (center 0 -13) (end 2.7 -13) (layer Cmts.User) (width 0.15))
    (fp_line (start -1.33 -10) (end -1 -10) (layer F.SilkS) (width 0.12))
    (fp_arc (start 40 13) (end 40 15.5) (angle -90) (layer F.Fab) (width 0.1))
    (fp_arc (start 40 -13) (end 42.5 -13) (angle -90) (layer F.Fab) (width 0.1))
    (fp_arc (start 0 13) (end -2.5 13) (angle -90) (layer F.Fab) (width 0.1))
    (fp_arc (start 0 -13) (end 0 -15.5) (angle -90) (layer F.Fab) (width 0.1))
    (fp_text user %R (at 20 0 180) (layer F.Fab)
      (effects (font (size 1 1) (thickness 0.15)))
    )
    (pad "" thru_hole circle (at 1.431891 -11.568109 270) (size 0.8 0.8) (drill 0.5) (layers *.Cu *.Mask))
    (pad "" thru_hole circle (at 1.431891 -14.431891 270) (size 0.8 0.8) (drill 0.5) (layers *.Cu *.Mask))
    (pad "" thru_hole circle (at 2.025 -13 270) (size 0.8 0.8) (drill 0.5) (layers *.Cu *.Mask))
    (pad "" thru_hole circle (at 0 -15.025 270) (size 0.8 0.8) (drill 0.5) (layers *.Cu *.Mask))
    (pad "" thru_hole circle (at -1.431891 -14.431891 270) (size 0.8 0.8) (drill 0.5) (layers *.Cu *.Mask))
    (pad "" thru_hole circle (at -1.431891 -11.568109 270) (size 0.8 0.8) (drill 0.5) (layers *.Cu *.Mask))
    (pad "" thru_hole circle (at -2.025 -13 270) (size 0.8 0.8) (drill 0.5) (layers *.Cu *.Mask))
    (pad "" thru_hole circle (at 0 -13 270) (size 5.4 5.4) (drill 2.7) (layers *.Cu *.Mask))
    (pad "" thru_hole circle (at 0 -10.975 270) (size 0.8 0.8) (drill 0.5) (layers *.Cu *.Mask))
    (pad "" thru_hole circle (at 1.431891 14.431891 270) (size 0.8 0.8) (drill 0.5) (layers *.Cu *.Mask))
    (pad "" thru_hole circle (at 1.431891 11.568109 270) (size 0.8 0.8) (drill 0.5) (layers *.Cu *.Mask))
    (pad "" thru_hole circle (at 2.025 13 270) (size 0.8 0.8) (drill 0.5) (layers *.Cu *.Mask))
    (pad "" thru_hole circle (at 0 10.975 270) (size 0.8 0.8) (drill 0.5) (layers *.Cu *.Mask))
    (pad "" thru_hole circle (at -1.431891 11.568109 270) (size 0.8 0.8) (drill 0.5) (layers *.Cu *.Mask))
    (pad "" thru_hole circle (at -1.431891 14.431891 270) (size 0.8 0.8) (drill 0.5) (layers *.Cu *.Mask))
    (pad "" thru_hole circle (at -2.025 13 270) (size 0.8 0.8) (drill 0.5) (layers *.Cu *.Mask))
    (pad "" thru_hole circle (at 0 13 270) (size 5.4 5.4) (drill 2.7) (layers *.Cu *.Mask))
    (pad "" thru_hole circle (at 0 15.025 270) (size 0.8 0.8) (drill 0.5) (layers *.Cu *.Mask))
    (pad "" thru_hole circle (at 38.568109 14.431891 270) (size 0.8 0.8) (drill 0.5) (layers *.Cu *.Mask))
    (pad "" thru_hole circle (at 38.568109 11.568109 270) (size 0.8 0.8) (drill 0.5) (layers *.Cu *.Mask))
    (pad "" thru_hole circle (at 40 10.975 270) (size 0.8 0.8) (drill 0.5) (layers *.Cu *.Mask))
    (pad "" thru_hole circle (at 42.025 13 270) (size 0.8 0.8) (drill 0.5) (layers *.Cu *.Mask))
    (pad "" thru_hole circle (at 41.431891 11.568109 270) (size 0.8 0.8) (drill 0.5) (layers *.Cu *.Mask))
    (pad "" thru_hole circle (at 41.431891 14.431891 270) (size 0.8 0.8) (drill 0.5) (layers *.Cu *.Mask))
    (pad "" thru_hole circle (at 40 15.025 270) (size 0.8 0.8) (drill 0.5) (layers *.Cu *.Mask))
    (pad "" thru_hole circle (at 40 13 270) (size 5.4 5.4) (drill 2.7) (layers *.Cu *.Mask))
    (pad "" thru_hole circle (at 37.975 13 270) (size 0.8 0.8) (drill 0.5) (layers *.Cu *.Mask))
    (pad "" thru_hole circle (at 40 -15.025 270) (size 0.8 0.8) (drill 0.5) (layers *.Cu *.Mask))
    (pad "" thru_hole circle (at 38.568109 -14.431891 270) (size 0.8 0.8) (drill 0.5) (layers *.Cu *.Mask))
    (pad "" thru_hole circle (at 41.431891 -11.568109 270) (size 0.8 0.8) (drill 0.5) (layers *.Cu *.Mask))
    (pad "" thru_hole circle (at 42.025 -13 270) (size 0.8 0.8) (drill 0.5) (layers *.Cu *.Mask))
    (pad "" thru_hole circle (at 41.431891 -14.431891 270) (size 0.8 0.8) (drill 0.5) (layers *.Cu *.Mask))
    (pad "" thru_hole circle (at 40 -10.975 270) (size 0.8 0.8) (drill 0.5) (layers *.Cu *.Mask))
    (pad "" thru_hole circle (at 38.568109 -11.568109 270) (size 0.8 0.8) (drill 0.5) (layers *.Cu *.Mask))
    (pad "" thru_hole circle (at 37.975 -13 270) (size 0.8 0.8) (drill 0.5) (layers *.Cu *.Mask))
    (pad "" thru_hole circle (at 40 -13 270) (size 5.4 5.4) (drill 2.7) (layers *.Cu *.Mask))
    (pad 4 thru_hole oval (at 0 -1.27 270) (size 1.7 1.7) (drill 1) (layers *.Cu *.Mask))
    (pad 2 thru_hole oval (at 0 -6.35 270) (size 1.7 1.7) (drill 1) (layers *.Cu *.Mask))
    (pad 3 thru_hole oval (at 0 -3.81 270) (size 1.7 1.7) (drill 1) (layers *.Cu *.Mask))
    (pad 1 thru_hole rect (at 0 -8.89 270) (size 1.7 1.7) (drill 1) (layers *.Cu *.Mask))
    (pad 6 thru_hole oval (at 0 3.81 270) (size 1.7 1.7) (drill 1) (layers *.Cu *.Mask))
    (pad 8 thru_hole oval (at 0 8.89 270) (size 1.7 1.7) (drill 1) (layers *.Cu *.Mask))
    (pad 5 thru_hole oval (at 0 1.27 270) (size 1.7 1.7) (drill 1) (layers *.Cu *.Mask))
    (pad 7 thru_hole oval (at 0 6.35 270) (size 1.7 1.7) (drill 1) (layers *.Cu *.Mask))
    (model ${KIPRJMOD}/3D/Waveshare_LCD_240X240.step
      (at (xyz 0 0 0))
      (scale (xyz 1 1 1))
      (rotate (xyz 0 0 0))
    )
    (model ${KISYS3DMOD}/Connector_PinSocket_2.54mm.3dshapes/PinSocket_1x08_P2.54mm_Vertical.wrl
      (offset (xyz 0 8.890000000000001 0))
      (scale (xyz 1 1 1))
      (rotate (xyz 0 0 0))
    )
    (model ${KISYS3DMOD}/Connector_PinHeader_2.54mm.3dshapes/PinHeader_1x08_P2.54mm_Vertical.wrl
      (offset (xyz 0 8.890000000000001 10))
      (scale (xyz 1 1 1))
      (rotate (xyz 0 180 0))
    )
  )

  (module LED_THT:LED_D3.0mm_Clear (layer F.Cu) (tedit 5A6C9BC0) (tstamp 60615E82)
    (at 130 32.5)
    (descr "IR-LED, diameter 3.0mm, 2 pins, color: clear")
    (tags "IR infrared LED diameter 3.0mm 2 pins clear")
    (path /60669592)
    (fp_text reference D9 (at 1.27 -2.96) (layer F.SilkS)
      (effects (font (size 1 1) (thickness 0.15)))
    )
    (fp_text value LED (at 1.27 2.96) (layer F.Fab)
      (effects (font (size 1 1) (thickness 0.15)))
    )
    (fp_circle (center 1.27 0) (end 2.77 0) (layer F.Fab) (width 0.1))
    (fp_line (start 3.7 -2.25) (end -1.15 -2.25) (layer F.CrtYd) (width 0.05))
    (fp_line (start 3.7 2.25) (end 3.7 -2.25) (layer F.CrtYd) (width 0.05))
    (fp_line (start -1.15 2.25) (end 3.7 2.25) (layer F.CrtYd) (width 0.05))
    (fp_line (start -1.15 -2.25) (end -1.15 2.25) (layer F.CrtYd) (width 0.05))
    (fp_line (start -0.29 1.08) (end -0.29 1.236) (layer F.SilkS) (width 0.12))
    (fp_line (start -0.29 -1.236) (end -0.29 -1.08) (layer F.SilkS) (width 0.12))
    (fp_line (start -0.23 -1.16619) (end -0.23 1.16619) (layer F.Fab) (width 0.1))
    (fp_arc (start 1.27 0) (end 0.229039 1.08) (angle -87.9) (layer F.SilkS) (width 0.12))
    (fp_arc (start 1.27 0) (end 0.229039 -1.08) (angle 87.9) (layer F.SilkS) (width 0.12))
    (fp_arc (start 1.27 0) (end -0.29 1.235516) (angle -108.8) (layer F.SilkS) (width 0.12))
    (fp_arc (start 1.27 0) (end -0.29 -1.235516) (angle 108.8) (layer F.SilkS) (width 0.12))
    (fp_arc (start 1.27 0) (end -0.23 -1.16619) (angle 284.3) (layer F.Fab) (width 0.1))
    (fp_text user %R (at 1.47 0) (layer F.Fab)
      (effects (font (size 0.8 0.8) (thickness 0.12)))
    )
    (pad 2 thru_hole circle (at 2.54 0) (size 1.8 1.8) (drill 0.9) (layers *.Cu *.Mask))
    (pad 1 thru_hole rect (at 0 0) (size 1.8 1.8) (drill 0.9) (layers *.Cu *.Mask))
    (model ${KISYS3DMOD}/LED_THT.3dshapes/LED_D3.0mm_Clear.wrl
      (at (xyz 0 0 0))
      (scale (xyz 1 1 1))
      (rotate (xyz 0 0 0))
    )
  )

  (module LED_THT:LED_D3.0mm (layer F.Cu) (tedit 587A3A7B) (tstamp 60615E6E)
    (at 125 32.5)
    (descr "LED, diameter 3.0mm, 2 pins")
    (tags "LED diameter 3.0mm 2 pins")
    (path /6066958C)
    (fp_text reference D8 (at 1.27 -2.96) (layer F.SilkS)
      (effects (font (size 1 1) (thickness 0.15)))
    )
    (fp_text value LED (at 1.27 2.96) (layer F.Fab)
      (effects (font (size 1 1) (thickness 0.15)))
    )
    (fp_line (start 3.7 -2.25) (end -1.15 -2.25) (layer F.CrtYd) (width 0.05))
    (fp_line (start 3.7 2.25) (end 3.7 -2.25) (layer F.CrtYd) (width 0.05))
    (fp_line (start -1.15 2.25) (end 3.7 2.25) (layer F.CrtYd) (width 0.05))
    (fp_line (start -1.15 -2.25) (end -1.15 2.25) (layer F.CrtYd) (width 0.05))
    (fp_line (start -0.29 1.08) (end -0.29 1.236) (layer F.SilkS) (width 0.12))
    (fp_line (start -0.29 -1.236) (end -0.29 -1.08) (layer F.SilkS) (width 0.12))
    (fp_line (start -0.23 -1.16619) (end -0.23 1.16619) (layer F.Fab) (width 0.1))
    (fp_circle (center 1.27 0) (end 2.77 0) (layer F.Fab) (width 0.1))
    (fp_arc (start 1.27 0) (end 0.229039 1.08) (angle -87.9) (layer F.SilkS) (width 0.12))
    (fp_arc (start 1.27 0) (end 0.229039 -1.08) (angle 87.9) (layer F.SilkS) (width 0.12))
    (fp_arc (start 1.27 0) (end -0.29 1.235516) (angle -108.8) (layer F.SilkS) (width 0.12))
    (fp_arc (start 1.27 0) (end -0.29 -1.235516) (angle 108.8) (layer F.SilkS) (width 0.12))
    (fp_arc (start 1.27 0) (end -0.23 -1.16619) (angle 284.3) (layer F.Fab) (width 0.1))
    (pad 2 thru_hole circle (at 2.54 0) (size 1.8 1.8) (drill 0.9) (layers *.Cu *.Mask))
    (pad 1 thru_hole rect (at 0 0) (size 1.8 1.8) (drill 0.9) (layers *.Cu *.Mask))
    (model ${KISYS3DMOD}/LED_THT.3dshapes/LED_D3.0mm.wrl
      (at (xyz 0 0 0))
      (scale (xyz 1 1 1))
      (rotate (xyz 0 0 0))
    )
  )

  (module LED_THT:LED_D3.0mm_Clear (layer F.Cu) (tedit 5A6C9BC0) (tstamp 60615E5B)
    (at 115 32.5)
    (descr "IR-LED, diameter 3.0mm, 2 pins, color: clear")
    (tags "IR infrared LED diameter 3.0mm 2 pins clear")
    (path /60668061)
    (fp_text reference D7 (at 1.27 -2.96) (layer F.SilkS)
      (effects (font (size 1 1) (thickness 0.15)))
    )
    (fp_text value LED (at 1.27 2.96) (layer F.Fab)
      (effects (font (size 1 1) (thickness 0.15)))
    )
    (fp_circle (center 1.27 0) (end 2.77 0) (layer F.Fab) (width 0.1))
    (fp_line (start 3.7 -2.25) (end -1.15 -2.25) (layer F.CrtYd) (width 0.05))
    (fp_line (start 3.7 2.25) (end 3.7 -2.25) (layer F.CrtYd) (width 0.05))
    (fp_line (start -1.15 2.25) (end 3.7 2.25) (layer F.CrtYd) (width 0.05))
    (fp_line (start -1.15 -2.25) (end -1.15 2.25) (layer F.CrtYd) (width 0.05))
    (fp_line (start -0.29 1.08) (end -0.29 1.236) (layer F.SilkS) (width 0.12))
    (fp_line (start -0.29 -1.236) (end -0.29 -1.08) (layer F.SilkS) (width 0.12))
    (fp_line (start -0.23 -1.16619) (end -0.23 1.16619) (layer F.Fab) (width 0.1))
    (fp_arc (start 1.27 0) (end 0.229039 1.08) (angle -87.9) (layer F.SilkS) (width 0.12))
    (fp_arc (start 1.27 0) (end 0.229039 -1.08) (angle 87.9) (layer F.SilkS) (width 0.12))
    (fp_arc (start 1.27 0) (end -0.29 1.235516) (angle -108.8) (layer F.SilkS) (width 0.12))
    (fp_arc (start 1.27 0) (end -0.29 -1.235516) (angle 108.8) (layer F.SilkS) (width 0.12))
    (fp_arc (start 1.27 0) (end -0.23 -1.16619) (angle 284.3) (layer F.Fab) (width 0.1))
    (fp_text user %R (at 1.47 0) (layer F.Fab)
      (effects (font (size 0.8 0.8) (thickness 0.12)))
    )
    (pad 2 thru_hole circle (at 2.54 0) (size 1.8 1.8) (drill 0.9) (layers *.Cu *.Mask))
    (pad 1 thru_hole rect (at 0 0) (size 1.8 1.8) (drill 0.9) (layers *.Cu *.Mask))
    (model ${KISYS3DMOD}/LED_THT.3dshapes/LED_D3.0mm_Clear.wrl
      (at (xyz 0 0 0))
      (scale (xyz 1 1 1))
      (rotate (xyz 0 0 0))
    )
  )

  (module LED_THT:LED_D3.0mm (layer F.Cu) (tedit 587A3A7B) (tstamp 60615E47)
    (at 110 32.5)
    (descr "LED, diameter 3.0mm, 2 pins")
    (tags "LED diameter 3.0mm 2 pins")
    (path /6066805B)
    (fp_text reference D6 (at 1.27 -2.96) (layer F.SilkS)
      (effects (font (size 1 1) (thickness 0.15)))
    )
    (fp_text value LED (at 1.27 2.96) (layer F.Fab)
      (effects (font (size 1 1) (thickness 0.15)))
    )
    (fp_line (start 3.7 -2.25) (end -1.15 -2.25) (layer F.CrtYd) (width 0.05))
    (fp_line (start 3.7 2.25) (end 3.7 -2.25) (layer F.CrtYd) (width 0.05))
    (fp_line (start -1.15 2.25) (end 3.7 2.25) (layer F.CrtYd) (width 0.05))
    (fp_line (start -1.15 -2.25) (end -1.15 2.25) (layer F.CrtYd) (width 0.05))
    (fp_line (start -0.29 1.08) (end -0.29 1.236) (layer F.SilkS) (width 0.12))
    (fp_line (start -0.29 -1.236) (end -0.29 -1.08) (layer F.SilkS) (width 0.12))
    (fp_line (start -0.23 -1.16619) (end -0.23 1.16619) (layer F.Fab) (width 0.1))
    (fp_circle (center 1.27 0) (end 2.77 0) (layer F.Fab) (width 0.1))
    (fp_arc (start 1.27 0) (end 0.229039 1.08) (angle -87.9) (layer F.SilkS) (width 0.12))
    (fp_arc (start 1.27 0) (end 0.229039 -1.08) (angle 87.9) (layer F.SilkS) (width 0.12))
    (fp_arc (start 1.27 0) (end -0.29 1.235516) (angle -108.8) (layer F.SilkS) (width 0.12))
    (fp_arc (start 1.27 0) (end -0.29 -1.235516) (angle 108.8) (layer F.SilkS) (width 0.12))
    (fp_arc (start 1.27 0) (end -0.23 -1.16619) (angle 284.3) (layer F.Fab) (width 0.1))
    (pad 2 thru_hole circle (at 2.54 0) (size 1.8 1.8) (drill 0.9) (layers *.Cu *.Mask))
    (pad 1 thru_hole rect (at 0 0) (size 1.8 1.8) (drill 0.9) (layers *.Cu *.Mask))
    (model ${KISYS3DMOD}/LED_THT.3dshapes/LED_D3.0mm.wrl
      (at (xyz 0 0 0))
      (scale (xyz 1 1 1))
      (rotate (xyz 0 0 0))
    )
  )

  (module LED_THT:LED_D3.0mm_Clear (layer F.Cu) (tedit 5A6C9BC0) (tstamp 60615E34)
    (at 57.5 32.5)
    (descr "IR-LED, diameter 3.0mm, 2 pins, color: clear")
    (tags "IR infrared LED diameter 3.0mm 2 pins clear")
    (path /60665842)
    (fp_text reference D5 (at 1.27 -2.96) (layer F.SilkS)
      (effects (font (size 1 1) (thickness 0.15)))
    )
    (fp_text value LED (at 1.27 2.96) (layer F.Fab)
      (effects (font (size 1 1) (thickness 0.15)))
    )
    (fp_circle (center 1.27 0) (end 2.77 0) (layer F.Fab) (width 0.1))
    (fp_line (start 3.7 -2.25) (end -1.15 -2.25) (layer F.CrtYd) (width 0.05))
    (fp_line (start 3.7 2.25) (end 3.7 -2.25) (layer F.CrtYd) (width 0.05))
    (fp_line (start -1.15 2.25) (end 3.7 2.25) (layer F.CrtYd) (width 0.05))
    (fp_line (start -1.15 -2.25) (end -1.15 2.25) (layer F.CrtYd) (width 0.05))
    (fp_line (start -0.29 1.08) (end -0.29 1.236) (layer F.SilkS) (width 0.12))
    (fp_line (start -0.29 -1.236) (end -0.29 -1.08) (layer F.SilkS) (width 0.12))
    (fp_line (start -0.23 -1.16619) (end -0.23 1.16619) (layer F.Fab) (width 0.1))
    (fp_arc (start 1.27 0) (end 0.229039 1.08) (angle -87.9) (layer F.SilkS) (width 0.12))
    (fp_arc (start 1.27 0) (end 0.229039 -1.08) (angle 87.9) (layer F.SilkS) (width 0.12))
    (fp_arc (start 1.27 0) (end -0.29 1.235516) (angle -108.8) (layer F.SilkS) (width 0.12))
    (fp_arc (start 1.27 0) (end -0.29 -1.235516) (angle 108.8) (layer F.SilkS) (width 0.12))
    (fp_arc (start 1.27 0) (end -0.23 -1.16619) (angle 284.3) (layer F.Fab) (width 0.1))
    (fp_text user %R (at 1.47 0) (layer F.Fab)
      (effects (font (size 0.8 0.8) (thickness 0.12)))
    )
    (pad 2 thru_hole circle (at 2.54 0) (size 1.8 1.8) (drill 0.9) (layers *.Cu *.Mask))
    (pad 1 thru_hole rect (at 0 0) (size 1.8 1.8) (drill 0.9) (layers *.Cu *.Mask))
    (model ${KISYS3DMOD}/LED_THT.3dshapes/LED_D3.0mm_Clear.wrl
      (at (xyz 0 0 0))
      (scale (xyz 1 1 1))
      (rotate (xyz 0 0 0))
    )
  )

  (module LED_THT:LED_D3.0mm (layer F.Cu) (tedit 587A3A7B) (tstamp 60615E20)
    (at 52.5 32.5)
    (descr "LED, diameter 3.0mm, 2 pins")
    (tags "LED diameter 3.0mm 2 pins")
    (path /60665402)
    (fp_text reference D4 (at 1.27 -2.96) (layer F.SilkS)
      (effects (font (size 1 1) (thickness 0.15)))
    )
    (fp_text value LED (at 1.27 2.96) (layer F.Fab)
      (effects (font (size 1 1) (thickness 0.15)))
    )
    (fp_line (start 3.7 -2.25) (end -1.15 -2.25) (layer F.CrtYd) (width 0.05))
    (fp_line (start 3.7 2.25) (end 3.7 -2.25) (layer F.CrtYd) (width 0.05))
    (fp_line (start -1.15 2.25) (end 3.7 2.25) (layer F.CrtYd) (width 0.05))
    (fp_line (start -1.15 -2.25) (end -1.15 2.25) (layer F.CrtYd) (width 0.05))
    (fp_line (start -0.29 1.08) (end -0.29 1.236) (layer F.SilkS) (width 0.12))
    (fp_line (start -0.29 -1.236) (end -0.29 -1.08) (layer F.SilkS) (width 0.12))
    (fp_line (start -0.23 -1.16619) (end -0.23 1.16619) (layer F.Fab) (width 0.1))
    (fp_circle (center 1.27 0) (end 2.77 0) (layer F.Fab) (width 0.1))
    (fp_arc (start 1.27 0) (end 0.229039 1.08) (angle -87.9) (layer F.SilkS) (width 0.12))
    (fp_arc (start 1.27 0) (end 0.229039 -1.08) (angle 87.9) (layer F.SilkS) (width 0.12))
    (fp_arc (start 1.27 0) (end -0.29 1.235516) (angle -108.8) (layer F.SilkS) (width 0.12))
    (fp_arc (start 1.27 0) (end -0.29 -1.235516) (angle 108.8) (layer F.SilkS) (width 0.12))
    (fp_arc (start 1.27 0) (end -0.23 -1.16619) (angle 284.3) (layer F.Fab) (width 0.1))
    (pad 2 thru_hole circle (at 2.54 0) (size 1.8 1.8) (drill 0.9) (layers *.Cu *.Mask))
    (pad 1 thru_hole rect (at 0 0) (size 1.8 1.8) (drill 0.9) (layers *.Cu *.Mask))
    (model ${KISYS3DMOD}/LED_THT.3dshapes/LED_D3.0mm.wrl
      (at (xyz 0 0 0))
      (scale (xyz 1 1 1))
      (rotate (xyz 0 0 0))
    )
  )

  (module LED_THT:LED_D3.0mm_Clear (layer F.Cu) (tedit 5A6C9BC0) (tstamp 60615E0D)
    (at 42.5 32.5)
    (descr "IR-LED, diameter 3.0mm, 2 pins, color: clear")
    (tags "IR infrared LED diameter 3.0mm 2 pins clear")
    (path /606630E1)
    (fp_text reference D3 (at 1.27 -2.96) (layer F.SilkS)
      (effects (font (size 1 1) (thickness 0.15)))
    )
    (fp_text value LED (at 1.27 2.96) (layer F.Fab)
      (effects (font (size 1 1) (thickness 0.15)))
    )
    (fp_circle (center 1.27 0) (end 2.77 0) (layer F.Fab) (width 0.1))
    (fp_line (start 3.7 -2.25) (end -1.15 -2.25) (layer F.CrtYd) (width 0.05))
    (fp_line (start 3.7 2.25) (end 3.7 -2.25) (layer F.CrtYd) (width 0.05))
    (fp_line (start -1.15 2.25) (end 3.7 2.25) (layer F.CrtYd) (width 0.05))
    (fp_line (start -1.15 -2.25) (end -1.15 2.25) (layer F.CrtYd) (width 0.05))
    (fp_line (start -0.29 1.08) (end -0.29 1.236) (layer F.SilkS) (width 0.12))
    (fp_line (start -0.29 -1.236) (end -0.29 -1.08) (layer F.SilkS) (width 0.12))
    (fp_line (start -0.23 -1.16619) (end -0.23 1.16619) (layer F.Fab) (width 0.1))
    (fp_arc (start 1.27 0) (end 0.229039 1.08) (angle -87.9) (layer F.SilkS) (width 0.12))
    (fp_arc (start 1.27 0) (end 0.229039 -1.08) (angle 87.9) (layer F.SilkS) (width 0.12))
    (fp_arc (start 1.27 0) (end -0.29 1.235516) (angle -108.8) (layer F.SilkS) (width 0.12))
    (fp_arc (start 1.27 0) (end -0.29 -1.235516) (angle 108.8) (layer F.SilkS) (width 0.12))
    (fp_arc (start 1.27 0) (end -0.23 -1.16619) (angle 284.3) (layer F.Fab) (width 0.1))
    (fp_text user %R (at 1.47 0) (layer F.Fab)
      (effects (font (size 0.8 0.8) (thickness 0.12)))
    )
    (pad 2 thru_hole circle (at 2.54 0) (size 1.8 1.8) (drill 0.9) (layers *.Cu *.Mask))
    (pad 1 thru_hole rect (at 0 0) (size 1.8 1.8) (drill 0.9) (layers *.Cu *.Mask))
    (model ${KISYS3DMOD}/LED_THT.3dshapes/LED_D3.0mm_Clear.wrl
      (at (xyz 0 0 0))
      (scale (xyz 1 1 1))
      (rotate (xyz 0 0 0))
    )
  )

  (module LED_THT:LED_D3.0mm (layer F.Cu) (tedit 587A3A7B) (tstamp 60615DF9)
    (at 37.5 32.5)
    (descr "LED, diameter 3.0mm, 2 pins")
    (tags "LED diameter 3.0mm 2 pins")
    (path /60662AFD)
    (fp_text reference D2 (at 1.27 -2.96) (layer F.SilkS)
      (effects (font (size 1 1) (thickness 0.15)))
    )
    (fp_text value LED (at 1.27 2.96) (layer F.Fab)
      (effects (font (size 1 1) (thickness 0.15)))
    )
    (fp_line (start 3.7 -2.25) (end -1.15 -2.25) (layer F.CrtYd) (width 0.05))
    (fp_line (start 3.7 2.25) (end 3.7 -2.25) (layer F.CrtYd) (width 0.05))
    (fp_line (start -1.15 2.25) (end 3.7 2.25) (layer F.CrtYd) (width 0.05))
    (fp_line (start -1.15 -2.25) (end -1.15 2.25) (layer F.CrtYd) (width 0.05))
    (fp_line (start -0.29 1.08) (end -0.29 1.236) (layer F.SilkS) (width 0.12))
    (fp_line (start -0.29 -1.236) (end -0.29 -1.08) (layer F.SilkS) (width 0.12))
    (fp_line (start -0.23 -1.16619) (end -0.23 1.16619) (layer F.Fab) (width 0.1))
    (fp_circle (center 1.27 0) (end 2.77 0) (layer F.Fab) (width 0.1))
    (fp_arc (start 1.27 0) (end 0.229039 1.08) (angle -87.9) (layer F.SilkS) (width 0.12))
    (fp_arc (start 1.27 0) (end 0.229039 -1.08) (angle 87.9) (layer F.SilkS) (width 0.12))
    (fp_arc (start 1.27 0) (end -0.29 1.235516) (angle -108.8) (layer F.SilkS) (width 0.12))
    (fp_arc (start 1.27 0) (end -0.29 -1.235516) (angle 108.8) (layer F.SilkS) (width 0.12))
    (fp_arc (start 1.27 0) (end -0.23 -1.16619) (angle 284.3) (layer F.Fab) (width 0.1))
    (pad 2 thru_hole circle (at 2.54 0) (size 1.8 1.8) (drill 0.9) (layers *.Cu *.Mask))
    (pad 1 thru_hole rect (at 0 0) (size 1.8 1.8) (drill 0.9) (layers *.Cu *.Mask))
    (model ${KISYS3DMOD}/LED_THT.3dshapes/LED_D3.0mm.wrl
      (at (xyz 0 0 0))
      (scale (xyz 1 1 1))
      (rotate (xyz 0 0 0))
    )
  )

  (module MountingHole:MountingHole_3.5mm_Pad_Via (layer F.Cu) (tedit 56DDBDB4) (tstamp 60611AA1)
    (at 175.45 111.95)
    (descr "Mounting Hole 3.5mm")
    (tags "mounting hole 3.5mm")
    (path /60650038)
    (attr virtual)
    (fp_text reference H4 (at 0 -4.5) (layer F.SilkS) hide
      (effects (font (size 1 1) (thickness 0.15)))
    )
    (fp_text value MountingHole_Pad (at 0 4.5) (layer F.Fab)
      (effects (font (size 1 1) (thickness 0.15)))
    )
    (fp_circle (center 0 0) (end 3.75 0) (layer F.CrtYd) (width 0.05))
    (fp_circle (center 0 0) (end 3.5 0) (layer Cmts.User) (width 0.15))
    (fp_text user %R (at 0.3 0) (layer F.Fab)
      (effects (font (size 1 1) (thickness 0.15)))
    )
    (pad 1 thru_hole circle (at 1.856155 -1.856155) (size 0.8 0.8) (drill 0.5) (layers *.Cu *.Mask)
      (net 1 GND))
    (pad 1 thru_hole circle (at 0 -2.625) (size 0.8 0.8) (drill 0.5) (layers *.Cu *.Mask)
      (net 1 GND))
    (pad 1 thru_hole circle (at -1.856155 -1.856155) (size 0.8 0.8) (drill 0.5) (layers *.Cu *.Mask)
      (net 1 GND))
    (pad 1 thru_hole circle (at -2.625 0) (size 0.8 0.8) (drill 0.5) (layers *.Cu *.Mask)
      (net 1 GND))
    (pad 1 thru_hole circle (at -1.856155 1.856155) (size 0.8 0.8) (drill 0.5) (layers *.Cu *.Mask)
      (net 1 GND))
    (pad 1 thru_hole circle (at 0 2.625) (size 0.8 0.8) (drill 0.5) (layers *.Cu *.Mask)
      (net 1 GND))
    (pad 1 thru_hole circle (at 1.856155 1.856155) (size 0.8 0.8) (drill 0.5) (layers *.Cu *.Mask)
      (net 1 GND))
    (pad 1 thru_hole circle (at 2.625 0) (size 0.8 0.8) (drill 0.5) (layers *.Cu *.Mask)
      (net 1 GND))
    (pad 1 thru_hole circle (at 0 0) (size 7 7) (drill 3.5) (layers *.Cu *.Mask)
      (net 1 GND))
  )

  (module MountingHole:MountingHole_3.5mm_Pad_Via (layer F.Cu) (tedit 56DDBDB4) (tstamp 60611A91)
    (at 175.45 29.95)
    (descr "Mounting Hole 3.5mm")
    (tags "mounting hole 3.5mm")
    (path /6064FDAE)
    (attr virtual)
    (fp_text reference H3 (at 0 -4.5) (layer F.SilkS) hide
      (effects (font (size 1 1) (thickness 0.15)))
    )
    (fp_text value MountingHole_Pad (at 0 4.5) (layer F.Fab)
      (effects (font (size 1 1) (thickness 0.15)))
    )
    (fp_circle (center 0 0) (end 3.75 0) (layer F.CrtYd) (width 0.05))
    (fp_circle (center 0 0) (end 3.5 0) (layer Cmts.User) (width 0.15))
    (fp_text user %R (at 0.3 0) (layer F.Fab)
      (effects (font (size 1 1) (thickness 0.15)))
    )
    (pad 1 thru_hole circle (at 1.856155 -1.856155) (size 0.8 0.8) (drill 0.5) (layers *.Cu *.Mask)
      (net 1 GND))
    (pad 1 thru_hole circle (at 0 -2.625) (size 0.8 0.8) (drill 0.5) (layers *.Cu *.Mask)
      (net 1 GND))
    (pad 1 thru_hole circle (at -1.856155 -1.856155) (size 0.8 0.8) (drill 0.5) (layers *.Cu *.Mask)
      (net 1 GND))
    (pad 1 thru_hole circle (at -2.625 0) (size 0.8 0.8) (drill 0.5) (layers *.Cu *.Mask)
      (net 1 GND))
    (pad 1 thru_hole circle (at -1.856155 1.856155) (size 0.8 0.8) (drill 0.5) (layers *.Cu *.Mask)
      (net 1 GND))
    (pad 1 thru_hole circle (at 0 2.625) (size 0.8 0.8) (drill 0.5) (layers *.Cu *.Mask)
      (net 1 GND))
    (pad 1 thru_hole circle (at 1.856155 1.856155) (size 0.8 0.8) (drill 0.5) (layers *.Cu *.Mask)
      (net 1 GND))
    (pad 1 thru_hole circle (at 2.625 0) (size 0.8 0.8) (drill 0.5) (layers *.Cu *.Mask)
      (net 1 GND))
    (pad 1 thru_hole circle (at 0 0) (size 7 7) (drill 3.5) (layers *.Cu *.Mask)
      (net 1 GND))
  )

  (module MountingHole:MountingHole_3.5mm_Pad_Via (layer F.Cu) (tedit 56DDBDB4) (tstamp 60611A81)
    (at 30.45 111.95)
    (descr "Mounting Hole 3.5mm")
    (tags "mounting hole 3.5mm")
    (path /6064FA16)
    (attr virtual)
    (fp_text reference H2 (at 0 -4.5) (layer F.SilkS) hide
      (effects (font (size 1 1) (thickness 0.15)))
    )
    (fp_text value MountingHole_Pad (at 0 4.5) (layer F.Fab)
      (effects (font (size 1 1) (thickness 0.15)))
    )
    (fp_circle (center 0 0) (end 3.75 0) (layer F.CrtYd) (width 0.05))
    (fp_circle (center 0 0) (end 3.5 0) (layer Cmts.User) (width 0.15))
    (fp_text user %R (at 0.3 0) (layer F.Fab)
      (effects (font (size 1 1) (thickness 0.15)))
    )
    (pad 1 thru_hole circle (at 1.856155 -1.856155) (size 0.8 0.8) (drill 0.5) (layers *.Cu *.Mask)
      (net 1 GND))
    (pad 1 thru_hole circle (at 0 -2.625) (size 0.8 0.8) (drill 0.5) (layers *.Cu *.Mask)
      (net 1 GND))
    (pad 1 thru_hole circle (at -1.856155 -1.856155) (size 0.8 0.8) (drill 0.5) (layers *.Cu *.Mask)
      (net 1 GND))
    (pad 1 thru_hole circle (at -2.625 0) (size 0.8 0.8) (drill 0.5) (layers *.Cu *.Mask)
      (net 1 GND))
    (pad 1 thru_hole circle (at -1.856155 1.856155) (size 0.8 0.8) (drill 0.5) (layers *.Cu *.Mask)
      (net 1 GND))
    (pad 1 thru_hole circle (at 0 2.625) (size 0.8 0.8) (drill 0.5) (layers *.Cu *.Mask)
      (net 1 GND))
    (pad 1 thru_hole circle (at 1.856155 1.856155) (size 0.8 0.8) (drill 0.5) (layers *.Cu *.Mask)
      (net 1 GND))
    (pad 1 thru_hole circle (at 2.625 0) (size 0.8 0.8) (drill 0.5) (layers *.Cu *.Mask)
      (net 1 GND))
    (pad 1 thru_hole circle (at 0 0) (size 7 7) (drill 3.5) (layers *.Cu *.Mask)
      (net 1 GND))
  )

  (module MountingHole:MountingHole_3.5mm_Pad_Via (layer F.Cu) (tedit 56DDBDB4) (tstamp 60611A71)
    (at 30.45 29.95)
    (descr "Mounting Hole 3.5mm")
    (tags "mounting hole 3.5mm")
    (path /6064EF96)
    (attr virtual)
    (fp_text reference H1 (at 0 -4.5) (layer F.SilkS) hide
      (effects (font (size 1 1) (thickness 0.15)))
    )
    (fp_text value MountingHole_Pad (at 0 4.5) (layer F.Fab)
      (effects (font (size 1 1) (thickness 0.15)))
    )
    (fp_circle (center 0 0) (end 3.75 0) (layer F.CrtYd) (width 0.05))
    (fp_circle (center 0 0) (end 3.5 0) (layer Cmts.User) (width 0.15))
    (fp_text user %R (at 0.3 0) (layer F.Fab)
      (effects (font (size 1 1) (thickness 0.15)))
    )
    (pad 1 thru_hole circle (at 1.856155 -1.856155) (size 0.8 0.8) (drill 0.5) (layers *.Cu *.Mask)
      (net 1 GND))
    (pad 1 thru_hole circle (at 0 -2.625) (size 0.8 0.8) (drill 0.5) (layers *.Cu *.Mask)
      (net 1 GND))
    (pad 1 thru_hole circle (at -1.856155 -1.856155) (size 0.8 0.8) (drill 0.5) (layers *.Cu *.Mask)
      (net 1 GND))
    (pad 1 thru_hole circle (at -2.625 0) (size 0.8 0.8) (drill 0.5) (layers *.Cu *.Mask)
      (net 1 GND))
    (pad 1 thru_hole circle (at -1.856155 1.856155) (size 0.8 0.8) (drill 0.5) (layers *.Cu *.Mask)
      (net 1 GND))
    (pad 1 thru_hole circle (at 0 2.625) (size 0.8 0.8) (drill 0.5) (layers *.Cu *.Mask)
      (net 1 GND))
    (pad 1 thru_hole circle (at 1.856155 1.856155) (size 0.8 0.8) (drill 0.5) (layers *.Cu *.Mask)
      (net 1 GND))
    (pad 1 thru_hole circle (at 2.625 0) (size 0.8 0.8) (drill 0.5) (layers *.Cu *.Mask)
      (net 1 GND))
    (pad 1 thru_hole circle (at 0 0) (size 7 7) (drill 3.5) (layers *.Cu *.Mask)
      (net 1 GND))
  )

  (module Pavu-Mixer-Prototype:Potentiometer_Alps_RS60_Double_Slide (layer F.Cu) (tedit 6060E744) (tstamp 6060FB98)
    (at 162.5 40 270)
    (path /60622739)
    (fp_text reference VOL_MAIN1 (at 35 -9.25 90) (layer F.SilkS)
      (effects (font (size 1 1) (thickness 0.15)))
    )
    (fp_text value R_POT_Dual (at 35 1.75 90) (layer F.Fab)
      (effects (font (size 1 1) (thickness 0.15)))
    )
    (fp_line (start 59.25 -3.75) (end 65 -3.75) (layer F.SilkS) (width 0.12))
    (fp_line (start 11.75 -3.75) (end 55.75 -3.75) (layer F.SilkS) (width 0.12))
    (fp_line (start 5 -3.75) (end 8.25 -3.75) (layer F.SilkS) (width 0.12))
    (fp_line (start 65 -3.75) (end 64.25 -3) (layer F.SilkS) (width 0.12))
    (fp_line (start 65 -3.75) (end 64.25 -4.5) (layer F.SilkS) (width 0.12))
    (fp_line (start 65 -2.5) (end 65 -3.75) (layer F.SilkS) (width 0.12))
    (fp_line (start 65 -5) (end 65 -2.5) (layer F.SilkS) (width 0.12))
    (fp_line (start 5 -3.75) (end 5.75 -3) (layer F.SilkS) (width 0.12))
    (fp_line (start 5 -3.75) (end 5.75 -4.5) (layer F.SilkS) (width 0.12))
    (fp_line (start 5 -2.5) (end 5 -3.75) (layer F.SilkS) (width 0.12))
    (fp_line (start 5 -5) (end 5 -2.5) (layer F.SilkS) (width 0.12))
    (fp_line (start -2.75 1) (end -2.75 -8.5) (layer F.CrtYd) (width 0.05))
    (fp_line (start 72.75 1) (end -2.75 1) (layer F.CrtYd) (width 0.05))
    (fp_line (start 72.75 -8.5) (end 72.75 1) (layer F.CrtYd) (width 0.05))
    (fp_line (start -2.75 -8.5) (end 72.75 -8.5) (layer F.CrtYd) (width 0.05))
    (fp_line (start 72.5 0.75) (end -2.5 0.75) (layer F.Fab) (width 0.1))
    (fp_line (start 72.5 -8.25) (end 72.5 0.75) (layer F.Fab) (width 0.1))
    (fp_line (start -2.5 -8.25) (end 72.5 -8.25) (layer F.Fab) (width 0.1))
    (fp_line (start -2.5 0.75) (end -2.5 -8.25) (layer F.Fab) (width 0.1))
    (fp_circle (center 0.5 -3.75) (end 1.5 -3.75) (layer F.Fab) (width 0.1))
    (fp_circle (center 69.5 -3.75) (end 70.5 -3.75) (layer F.Fab) (width 0.1))
    (fp_line (start -2.61 -8.36) (end -1.25 -8.36) (layer F.SilkS) (width 0.12))
    (fp_line (start -2.61 -8.36) (end -2.61 0.86) (layer F.SilkS) (width 0.12))
    (fp_line (start -2.61 0.86) (end -1.25 0.86) (layer F.SilkS) (width 0.12))
    (fp_line (start 1.25 0.86) (end 68.75 0.86) (layer F.SilkS) (width 0.12))
    (fp_line (start 71.25 0.86) (end 72.61 0.86) (layer F.SilkS) (width 0.12))
    (fp_line (start 72.61 0.86) (end 72.61 -8.36) (layer F.SilkS) (width 0.12))
    (fp_line (start 72.61 -8.36) (end 1.25 -8.36) (layer F.SilkS) (width 0.12))
    (fp_text user %R (at 35 -3.75 270) (layer F.Fab)
      (effects (font (size 1 1) (thickness 0.15)))
    )
    (pad "" np_thru_hole circle (at 57.5 -3.75 270) (size 2 2) (drill 2) (layers *.Cu *.Mask))
    (pad "" np_thru_hole circle (at 10 -3.75 270) (size 2 2) (drill 2) (layers *.Cu *.Mask))
    (pad 6 thru_hole circle (at 70 -5 270) (size 2 2) (drill 1.1) (layers *.Cu *.Mask))
    (pad 5 thru_hole circle (at 0 -7.5 270) (size 2 2) (drill 1.1) (layers *.Cu *.Mask))
    (pad 4 thru_hole circle (at 0 -5 270) (size 2 2) (drill 1.1) (layers *.Cu *.Mask))
    (pad 3 thru_hole circle (at 70 0 270) (size 2 2) (drill 1.1) (layers *.Cu *.Mask)
      (net 1 GND))
    (pad 2 thru_hole circle (at 0 -2.5 270) (size 2 2) (drill 1.1) (layers *.Cu *.Mask))
    (pad 1 thru_hole rect (at 0 0 270) (size 2 2) (drill 1.1) (layers *.Cu *.Mask))
    (model ${KIPRJMOD}/3D/Potentiometer_Alps_RS60_Double_Slide.step
      (at (xyz 0 0 0))
      (scale (xyz 1 1 1))
      (rotate (xyz 0 0 0))
    )
  )

  (module Pavu-Mixer-Prototype:Potentiometer_Alps_RS60_Double_Slide (layer F.Cu) (tedit 6060E744) (tstamp 6061144E)
    (at 125 40 270)
    (path /60621E98)
    (fp_text reference VOL_CH4 (at 35 -9.25 90) (layer F.SilkS)
      (effects (font (size 1 1) (thickness 0.15)))
    )
